1.648171304943918258e+01 -inf -inf 0.000000000000000000e+00
2.075999185421456517e+01 -inf -inf 0.000000000000000000e+00
2.131358698033092480e+01 -inf -inf 0.000000000000000000e+00
2.135572624386489338e+01 -inf -inf 0.000000000000000000e+00
2.880392711359958113e+01 0.000000000000000000e+00 -inf -inf
3.210006846792323643e+01 -inf 0.000000000000000000e+00 -inf
3.303834072572570335e+01 0.000000000000000000e+00 -inf -inf
4.165486258743161443e+02 0.000000000000000000e+00 -inf -inf
4.290432717065551742e+02 0.000000000000000000e+00 -inf -inf
4.321856092453740530e+02 0.000000000000000000e+00 -inf -inf
4.379770275541375781e+02 0.000000000000000000e+00 -inf -inf
4.415014548110350461e+02 0.000000000000000000e+00 -inf -inf
4.456466089155281338e+02 -inf 0.000000000000000000e+00 -inf
4.457644694724720011e+02 0.000000000000000000e+00 -inf -inf
4.525255657604183739e+02 -inf 0.000000000000000000e+00 -inf
4.593649003112751643e+02 0.000000000000000000e+00 -inf -inf
4.596635136813827103e+02 0.000000000000000000e+00 -inf -inf
4.602050668485234723e+02 -inf 0.000000000000000000e+00 -inf
4.612042973372183496e+02 0.000000000000000000e+00 -inf -inf
4.689358334721179631e+02 -inf 0.000000000000000000e+00 -inf
4.692271615411336256e+02 0.000000000000000000e+00 -inf -inf
4.781924162875949378e+02 -inf 0.000000000000000000e+00 -inf
4.958697644676846608e+02 0.000000000000000000e+00 -inf -inf
4.967392959190617603e+02 0.000000000000000000e+00 -inf -inf
4.983198490270729053e+02 0.000000000000000000e+00 -inf -inf
500.0 0.000000000000000000e+00 -inf -inf
